(kicad_pcb (version 20171130) (host pcbnew 5.0.0-rc2-dev-unknown-d09445c~65~ubuntu16.04.1)

  (general
    (thickness 1.6)
    (drawings 16)
    (tracks 108)
    (zones 0)
    (modules 29)
    (nets 21)
  )

  (page A4)
  (layers
    (0 F.Cu signal)
    (31 B.Cu signal)
    (32 B.Adhes user)
    (33 F.Adhes user)
    (34 B.Paste user)
    (35 F.Paste user)
    (36 B.SilkS user)
    (37 F.SilkS user)
    (38 B.Mask user)
    (39 F.Mask user)
    (40 Dwgs.User user)
    (41 Cmts.User user)
    (42 Eco1.User user)
    (43 Eco2.User user)
    (44 Edge.Cuts user)
    (45 Margin user)
    (46 B.CrtYd user)
    (47 F.CrtYd user)
    (48 B.Fab user)
    (49 F.Fab user)
  )

  (setup
    (last_trace_width 0.25)
    (trace_clearance 0.2)
    (zone_clearance 0.508)
    (zone_45_only no)
    (trace_min 0.2)
    (segment_width 0.2)
    (edge_width 0.15)
    (via_size 0.8)
    (via_drill 0.4)
    (via_min_size 0.4)
    (via_min_drill 0.3)
    (uvia_size 0.3)
    (uvia_drill 0.1)
    (uvias_allowed no)
    (uvia_min_size 0.2)
    (uvia_min_drill 0.1)
    (pcb_text_width 0.3)
    (pcb_text_size 1.5 1.5)
    (mod_edge_width 0.15)
    (mod_text_size 1 1)
    (mod_text_width 0.15)
    (pad_size 1.4 1.4)
    (pad_drill 0.9)
    (pad_to_mask_clearance 0.2)
    (aux_axis_origin 0 0)
    (visible_elements FFFFFF7F)
    (pcbplotparams
      (layerselection 0x010fc_ffffffff)
      (usegerberextensions false)
      (usegerberattributes false)
      (usegerberadvancedattributes false)
      (creategerberjobfile false)
      (excludeedgelayer true)
      (linewidth 0.100000)
      (plotframeref false)
      (viasonmask false)
      (mode 1)
      (useauxorigin false)
      (hpglpennumber 1)
      (hpglpenspeed 20)
      (hpglpendiameter 15)
      (psnegative false)
      (psa4output false)
      (plotreference true)
      (plotvalue true)
      (plotinvisibletext false)
      (padsonsilk false)
      (subtractmaskfromsilk false)
      (outputformat 1)
      (mirror false)
      (drillshape 0)
      (scaleselection 1)
      (outputdirectory GERBER/))
  )

  (net 0 "")
  (net 1 /Engine_LED)
  (net 2 /Boxcar_LED)
  (net 3 /GND)
  (net 4 /LED_R)
  (net 5 /Power_Button)
  (net 6 /LED_G)
  (net 7 /Caboose_LED)
  (net 8 /LED_B)
  (net 9 /Speaker_Pin)
  (net 10 /Speaker_Button)
  (net 11 /5V)
  (net 12 /G_OUT)
  (net 13 /B_OUT)
  (net 14 /R_OUT)
  (net 15 "Net-(Q1-Pad3)")
  (net 16 "Net-(Q1-Pad2)")
  (net 17 "Net-(Q2-Pad2)")
  (net 18 "Net-(Q2-Pad3)")
  (net 19 "Net-(Q3-Pad3)")
  (net 20 "Net-(Q3-Pad2)")

  (net_class Default "This is the default net class."
    (clearance 0.2)
    (trace_width 0.25)
    (via_dia 0.8)
    (via_drill 0.4)
    (uvia_dia 0.3)
    (uvia_drill 0.1)
    (add_net /5V)
    (add_net /B_OUT)
    (add_net /Boxcar_LED)
    (add_net /Caboose_LED)
    (add_net /Engine_LED)
    (add_net /GND)
    (add_net /G_OUT)
    (add_net /LED_B)
    (add_net /LED_G)
    (add_net /LED_R)
    (add_net /Power_Button)
    (add_net /R_OUT)
    (add_net /Speaker_Button)
    (add_net /Speaker_Pin)
    (add_net "Net-(Q1-Pad2)")
    (add_net "Net-(Q1-Pad3)")
    (add_net "Net-(Q2-Pad2)")
    (add_net "Net-(Q2-Pad3)")
    (add_net "Net-(Q3-Pad2)")
    (add_net "Net-(Q3-Pad3)")
  )

  (module TO_SOT_Packages_THT:TO-92_Molded_Narrow (layer F.Cu) (tedit 5AFDEDDF) (tstamp 5AF558D6)
    (at 107.696 7.8195)
    (descr "TO-92 leads molded, narrow, drill 0.6mm (see NXP sot054_po.pdf)")
    (tags "to-92 sc-43 sc-43a sot54 PA33 transistor")
    (path /5AF474A8)
    (fp_text reference Q2 (at 1.27 -3.56) (layer F.Fab)
      (effects (font (size 1 1) (thickness 0.15)))
    )
    (fp_text value 2N3904 (at 1.27 2.79) (layer F.Fab)
      (effects (font (size 1 1) (thickness 0.15)))
    )
    (fp_text user %R (at 1.27 -3.56) (layer F.Fab)
      (effects (font (size 1 1) (thickness 0.15)))
    )
    (fp_line (start -0.53 1.85) (end 3.07 1.85) (layer F.SilkS) (width 0.12))
    (fp_line (start -0.5 1.75) (end 3 1.75) (layer F.Fab) (width 0.1))
    (fp_line (start -1.46 -2.73) (end 4 -2.73) (layer F.CrtYd) (width 0.05))
    (fp_line (start -1.46 -2.73) (end -1.46 2.01) (layer F.CrtYd) (width 0.05))
    (fp_line (start 4 2.01) (end 4 -2.73) (layer F.CrtYd) (width 0.05))
    (fp_line (start 4 2.01) (end -1.46 2.01) (layer F.CrtYd) (width 0.05))
    (fp_arc (start 1.27 0) (end 1.27 -2.48) (angle 135) (layer F.Fab) (width 0.1))
    (fp_arc (start 1.27 0) (end 1.27 -2.6) (angle -135) (layer F.SilkS) (width 0.12))
    (fp_arc (start 1.27 0) (end 1.27 -2.48) (angle -135) (layer F.Fab) (width 0.1))
    (fp_arc (start 1.27 0) (end 1.27 -2.6) (angle 135) (layer F.SilkS) (width 0.12))
    (pad 2 thru_hole circle (at 1.27 -1.27 90) (size 1 1) (drill 0.6) (layers *.Cu *.Mask)
      (net 17 "Net-(Q2-Pad2)"))
    (pad 3 thru_hole circle (at 2.54 0 90) (size 1 1) (drill 0.6) (layers *.Cu *.Mask)
      (net 18 "Net-(Q2-Pad3)"))
    (pad 1 thru_hole rect (at 0 0 90) (size 1 1) (drill 0.6) (layers *.Cu *.Mask)
      (net 11 /5V))
    (model ${KISYS3DMOD}/TO_SOT_Packages_THT.3dshapes/TO-92_Molded_Narrow.wrl
      (offset (xyz 1.269999980926514 0 0))
      (scale (xyz 1 1 1))
      (rotate (xyz 0 0 -90))
    )
  )

  (module TO_SOT_Packages_THT:TO-92_Molded_Narrow (layer F.Cu) (tedit 5AFDEDE7) (tstamp 5AF558E8)
    (at 114.046 7.8195)
    (descr "TO-92 leads molded, narrow, drill 0.6mm (see NXP sot054_po.pdf)")
    (tags "to-92 sc-43 sc-43a sot54 PA33 transistor")
    (path /5AF47530)
    (fp_text reference Q3 (at 1.27 -3.56) (layer F.Fab)
      (effects (font (size 1 1) (thickness 0.15)))
    )
    (fp_text value 2N3904 (at 1.27 2.79) (layer F.Fab)
      (effects (font (size 1 1) (thickness 0.15)))
    )
    (fp_arc (start 1.27 0) (end 1.27 -2.6) (angle 135) (layer F.SilkS) (width 0.12))
    (fp_arc (start 1.27 0) (end 1.27 -2.48) (angle -135) (layer F.Fab) (width 0.1))
    (fp_arc (start 1.27 0) (end 1.27 -2.6) (angle -135) (layer F.SilkS) (width 0.12))
    (fp_arc (start 1.27 0) (end 1.27 -2.48) (angle 135) (layer F.Fab) (width 0.1))
    (fp_line (start 4 2.01) (end -1.46 2.01) (layer F.CrtYd) (width 0.05))
    (fp_line (start 4 2.01) (end 4 -2.73) (layer F.CrtYd) (width 0.05))
    (fp_line (start -1.46 -2.73) (end -1.46 2.01) (layer F.CrtYd) (width 0.05))
    (fp_line (start -1.46 -2.73) (end 4 -2.73) (layer F.CrtYd) (width 0.05))
    (fp_line (start -0.5 1.75) (end 3 1.75) (layer F.Fab) (width 0.1))
    (fp_line (start -0.53 1.85) (end 3.07 1.85) (layer F.SilkS) (width 0.12))
    (fp_text user %R (at 1.27 -3.56) (layer F.Fab)
      (effects (font (size 1 1) (thickness 0.15)))
    )
    (pad 1 thru_hole rect (at 0 0 90) (size 1 1) (drill 0.6) (layers *.Cu *.Mask)
      (net 11 /5V))
    (pad 3 thru_hole circle (at 2.54 0 90) (size 1 1) (drill 0.6) (layers *.Cu *.Mask)
      (net 19 "Net-(Q3-Pad3)"))
    (pad 2 thru_hole circle (at 1.27 -1.27 90) (size 1 1) (drill 0.6) (layers *.Cu *.Mask)
      (net 20 "Net-(Q3-Pad2)"))
    (model ${KISYS3DMOD}/TO_SOT_Packages_THT.3dshapes/TO-92_Molded_Narrow.wrl
      (offset (xyz 1.269999980926514 0 0))
      (scale (xyz 1 1 1))
      (rotate (xyz 0 0 -90))
    )
  )

  (module TO_SOT_Packages_THT:TO-92_Molded_Narrow (layer F.Cu) (tedit 5AFDEDD6) (tstamp 5AFDF614)
    (at 120.396 7.747)
    (descr "TO-92 leads molded, narrow, drill 0.6mm (see NXP sot054_po.pdf)")
    (tags "to-92 sc-43 sc-43a sot54 PA33 transistor")
    (path /5AF471A6)
    (fp_text reference Q1 (at 1.27 -3.56) (layer F.Fab)
      (effects (font (size 1 1) (thickness 0.15)))
    )
    (fp_text value 2N3904 (at 1.27 2.79) (layer F.Fab)
      (effects (font (size 1 1) (thickness 0.15)))
    )
    (fp_arc (start 1.27 0) (end 1.27 -2.6) (angle 135) (layer F.SilkS) (width 0.12))
    (fp_arc (start 1.27 0) (end 1.27 -2.48) (angle -135) (layer F.Fab) (width 0.1))
    (fp_arc (start 1.27 0) (end 1.27 -2.6) (angle -135) (layer F.SilkS) (width 0.12))
    (fp_arc (start 1.27 0) (end 1.27 -2.48) (angle 135) (layer F.Fab) (width 0.1))
    (fp_line (start 4 2.01) (end -1.46 2.01) (layer F.CrtYd) (width 0.05))
    (fp_line (start 4 2.01) (end 4 -2.73) (layer F.CrtYd) (width 0.05))
    (fp_line (start -1.46 -2.73) (end -1.46 2.01) (layer F.CrtYd) (width 0.05))
    (fp_line (start -1.46 -2.73) (end 4 -2.73) (layer F.CrtYd) (width 0.05))
    (fp_line (start -0.5 1.75) (end 3 1.75) (layer F.Fab) (width 0.1))
    (fp_line (start -0.53 1.85) (end 3.07 1.85) (layer F.SilkS) (width 0.12))
    (fp_text user %R (at 1.27 -3.56) (layer F.Fab)
      (effects (font (size 1 1) (thickness 0.15)))
    )
    (pad 1 thru_hole rect (at 0 0 90) (size 1 1) (drill 0.6) (layers *.Cu *.Mask)
      (net 11 /5V))
    (pad 3 thru_hole circle (at 2.54 0 90) (size 1 1) (drill 0.6) (layers *.Cu *.Mask)
      (net 15 "Net-(Q1-Pad3)"))
    (pad 2 thru_hole circle (at 1.27 -1.27 90) (size 1 1) (drill 0.6) (layers *.Cu *.Mask)
      (net 16 "Net-(Q1-Pad2)"))
    (model ${KISYS3DMOD}/TO_SOT_Packages_THT.3dshapes/TO-92_Molded_Narrow.wrl
      (offset (xyz 1.269999980926514 0 0))
      (scale (xyz 1 1 1))
      (rotate (xyz 0 0 -90))
    )
  )

  (module Resistors_SMD:R_1206_HandSoldering (layer B.Cu) (tedit 5AEC80AA) (tstamp 5AEB28BB)
    (at 109.535 17.653 270)
    (descr "Resistor SMD 1206, hand soldering")
    (tags "resistor 1206")
    (path /5AEB1FF2)
    (attr smd)
    (fp_text reference R2 (at 0 1.85 270) (layer B.Fab)
      (effects (font (size 1 1) (thickness 0.15)) (justify mirror))
    )
    (fp_text value R (at 0 -1.9 270) (layer B.Fab)
      (effects (font (size 1 1) (thickness 0.15)) (justify mirror))
    )
    (fp_text user %R (at 0 0 270) (layer B.Fab)
      (effects (font (size 0.7 0.7) (thickness 0.105)) (justify mirror))
    )
    (fp_line (start -1.6 -0.8) (end -1.6 0.8) (layer B.Fab) (width 0.1))
    (fp_line (start 1.6 -0.8) (end -1.6 -0.8) (layer B.Fab) (width 0.1))
    (fp_line (start 1.6 0.8) (end 1.6 -0.8) (layer B.Fab) (width 0.1))
    (fp_line (start -1.6 0.8) (end 1.6 0.8) (layer B.Fab) (width 0.1))
    (fp_line (start 1 -1.07) (end -1 -1.07) (layer B.SilkS) (width 0.12))
    (fp_line (start -1 1.07) (end 1 1.07) (layer B.SilkS) (width 0.12))
    (fp_line (start -3.25 1.11) (end 3.25 1.11) (layer B.CrtYd) (width 0.05))
    (fp_line (start -3.25 1.11) (end -3.25 -1.1) (layer B.CrtYd) (width 0.05))
    (fp_line (start 3.25 -1.1) (end 3.25 1.11) (layer B.CrtYd) (width 0.05))
    (fp_line (start 3.25 -1.1) (end -3.25 -1.1) (layer B.CrtYd) (width 0.05))
    (pad 1 smd rect (at -2 0 270) (size 2 1.7) (layers B.Cu B.Paste B.Mask)
      (net 18 "Net-(Q2-Pad3)"))
    (pad 2 smd rect (at 2 0 270) (size 2 1.7) (layers B.Cu B.Paste B.Mask)
      (net 12 /G_OUT))
    (model ${KISYS3DMOD}/Resistors_SMD.3dshapes/R_1206.wrl
      (at (xyz 0 0 0))
      (scale (xyz 1 1 1))
      (rotate (xyz 0 0 0))
    )
  )

  (module Mounting_Holes:MountingHole_2.2mm_M2 (layer F.Cu) (tedit 5AEB146A) (tstamp 5AEB4869)
    (at 197.401 39.116)
    (descr "Mounting Hole 2.2mm, no annular, M2")
    (tags "mounting hole 2.2mm no annular m2")
    (attr virtual)
    (fp_text reference REF** (at 0 -3.2) (layer F.Fab) hide
      (effects (font (size 1 1) (thickness 0.15)))
    )
    (fp_text value MountingHole_2.2mm_M2 (at 0 3.2) (layer F.Fab)
      (effects (font (size 1 1) (thickness 0.15)))
    )
    (fp_circle (center 0 0) (end 2.45 0) (layer F.CrtYd) (width 0.05))
    (fp_circle (center 0 0) (end 2.2 0) (layer Cmts.User) (width 0.15))
    (fp_text user %R (at 0.3 0) (layer F.Fab)
      (effects (font (size 1 1) (thickness 0.15)))
    )
    (pad 1 np_thru_hole circle (at 0 0) (size 2.2 2.2) (drill 2.2) (layers *.Cu *.Mask))
  )

  (module Mounting_Holes:MountingHole_2.2mm_M2 (layer F.Cu) (tedit 5AEB146A) (tstamp 5AEB4848)
    (at 197.401 2.54)
    (descr "Mounting Hole 2.2mm, no annular, M2")
    (tags "mounting hole 2.2mm no annular m2")
    (attr virtual)
    (fp_text reference REF** (at 0 -3.2) (layer F.Fab) hide
      (effects (font (size 1 1) (thickness 0.15)))
    )
    (fp_text value MountingHole_2.2mm_M2 (at 0 3.2) (layer F.Fab)
      (effects (font (size 1 1) (thickness 0.15)))
    )
    (fp_text user %R (at 0.3 0) (layer F.Fab)
      (effects (font (size 1 1) (thickness 0.15)))
    )
    (fp_circle (center 0 0) (end 2.2 0) (layer Cmts.User) (width 0.15))
    (fp_circle (center 0 0) (end 2.45 0) (layer F.CrtYd) (width 0.05))
    (pad 1 np_thru_hole circle (at 0 0) (size 2.2 2.2) (drill 2.2) (layers *.Cu *.Mask))
  )

  (module Mounting_Holes:MountingHole_2.2mm_M2 (layer F.Cu) (tedit 5AEB1488) (tstamp 5AEB483A)
    (at 2.54 2.54)
    (descr "Mounting Hole 2.2mm, no annular, M2")
    (tags "mounting hole 2.2mm no annular m2")
    (attr virtual)
    (fp_text reference REF** (at 0 -3.2) (layer F.SilkS) hide
      (effects (font (size 1 1) (thickness 0.15)))
    )
    (fp_text value MountingHole_2.2mm_M2 (at 0 3.2) (layer F.Fab)
      (effects (font (size 1 1) (thickness 0.15)))
    )
    (fp_circle (center 0 0) (end 2.45 0) (layer F.CrtYd) (width 0.05))
    (fp_circle (center 0 0) (end 2.2 0) (layer Cmts.User) (width 0.15))
    (fp_text user %R (at 0.3 0) (layer F.Fab)
      (effects (font (size 1 1) (thickness 0.15)))
    )
    (pad 1 np_thru_hole circle (at 0 0) (size 2.2 2.2) (drill 2.2) (layers *.Cu *.Mask))
  )

  (module Module:Arduino_Nano (layer F.Cu) (tedit 5AEB1495) (tstamp 5AEB2751)
    (at 43.18 8.128 270)
    (descr "Arduino Nano, http://www.mouser.com/pdfdocs/Gravitech_Arduino_Nano3_0.pdf")
    (tags "Arduino Nano")
    (path /5AA298B3)
    (fp_text reference A1 (at 7.62 -5.08 270) (layer F.Fab)
      (effects (font (size 1 1) (thickness 0.15)))
    )
    (fp_text value Arduino_Nano_v3.x (at 8.89 19.05) (layer F.Fab)
      (effects (font (size 1 1) (thickness 0.15)))
    )
    (fp_line (start 16.75 42.16) (end -1.53 42.16) (layer F.CrtYd) (width 0.05))
    (fp_line (start 16.75 42.16) (end 16.75 -4.06) (layer F.CrtYd) (width 0.05))
    (fp_line (start -1.53 -4.06) (end -1.53 42.16) (layer F.CrtYd) (width 0.05))
    (fp_line (start -1.53 -4.06) (end 16.75 -4.06) (layer F.CrtYd) (width 0.05))
    (fp_line (start 16.51 -3.81) (end 16.51 39.37) (layer F.Fab) (width 0.1))
    (fp_line (start 0 -3.81) (end 16.51 -3.81) (layer F.Fab) (width 0.1))
    (fp_line (start -1.27 -2.54) (end 0 -3.81) (layer F.Fab) (width 0.1))
    (fp_line (start -1.27 39.37) (end -1.27 -2.54) (layer F.Fab) (width 0.1))
    (fp_line (start 16.51 39.37) (end -1.27 39.37) (layer F.Fab) (width 0.1))
    (fp_line (start 16.64 -3.94) (end -1.4 -3.94) (layer F.SilkS) (width 0.12))
    (fp_line (start 16.64 39.5) (end 16.64 -3.94) (layer F.SilkS) (width 0.12))
    (fp_line (start -1.4 39.5) (end 16.64 39.5) (layer F.SilkS) (width 0.12))
    (fp_line (start 3.81 41.91) (end 3.81 31.75) (layer F.Fab) (width 0.1))
    (fp_line (start 11.43 41.91) (end 3.81 41.91) (layer F.Fab) (width 0.1))
    (fp_line (start 11.43 31.75) (end 11.43 41.91) (layer F.Fab) (width 0.1))
    (fp_line (start 3.81 31.75) (end 11.43 31.75) (layer F.Fab) (width 0.1))
    (fp_line (start 1.27 36.83) (end -1.4 36.83) (layer F.SilkS) (width 0.12))
    (fp_line (start 1.27 1.27) (end 1.27 36.83) (layer F.SilkS) (width 0.12))
    (fp_line (start 1.27 1.27) (end -1.4 1.27) (layer F.SilkS) (width 0.12))
    (fp_line (start 13.97 36.83) (end 16.64 36.83) (layer F.SilkS) (width 0.12))
    (fp_line (start 13.97 -1.27) (end 13.97 36.83) (layer F.SilkS) (width 0.12))
    (fp_line (start 13.97 -1.27) (end 16.64 -1.27) (layer F.SilkS) (width 0.12))
    (fp_line (start -1.4 -3.94) (end -1.4 -1.27) (layer F.SilkS) (width 0.12))
    (fp_line (start -1.4 1.27) (end -1.4 39.5) (layer F.SilkS) (width 0.12))
    (fp_line (start 1.27 -1.27) (end -1.4 -1.27) (layer F.SilkS) (width 0.12))
    (fp_line (start 1.27 1.27) (end 1.27 -1.27) (layer F.SilkS) (width 0.12))
    (fp_text user %R (at 6.35 19.05) (layer F.Fab)
      (effects (font (size 1 1) (thickness 0.15)))
    )
    (pad 16 thru_hole oval (at 15.24 35.56 270) (size 1.6 1.6) (drill 0.8) (layers *.Cu *.Mask)
      (net 1 /Engine_LED))
    (pad 15 thru_hole oval (at 0 35.56 270) (size 1.6 1.6) (drill 0.8) (layers *.Cu *.Mask)
      (net 2 /Boxcar_LED))
    (pad 30 thru_hole oval (at 15.24 0 270) (size 1.6 1.6) (drill 0.8) (layers *.Cu *.Mask))
    (pad 14 thru_hole oval (at 0 33.02 270) (size 1.6 1.6) (drill 0.8) (layers *.Cu *.Mask))
    (pad 29 thru_hole oval (at 15.24 2.54 270) (size 1.6 1.6) (drill 0.8) (layers *.Cu *.Mask)
      (net 3 /GND))
    (pad 13 thru_hole oval (at 0 30.48 270) (size 1.6 1.6) (drill 0.8) (layers *.Cu *.Mask)
      (net 4 /LED_R))
    (pad 28 thru_hole oval (at 15.24 5.08 270) (size 1.6 1.6) (drill 0.8) (layers *.Cu *.Mask)
      (net 5 /Power_Button))
    (pad 12 thru_hole oval (at 0 27.94 270) (size 1.6 1.6) (drill 0.8) (layers *.Cu *.Mask)
      (net 6 /LED_G))
    (pad 27 thru_hole oval (at 15.24 7.62 270) (size 1.6 1.6) (drill 0.8) (layers *.Cu *.Mask)
      (net 11 /5V))
    (pad 11 thru_hole oval (at 0 25.4 270) (size 1.6 1.6) (drill 0.8) (layers *.Cu *.Mask)
      (net 7 /Caboose_LED))
    (pad 26 thru_hole oval (at 15.24 10.16 270) (size 1.6 1.6) (drill 0.8) (layers *.Cu *.Mask))
    (pad 10 thru_hole oval (at 0 22.86 270) (size 1.6 1.6) (drill 0.8) (layers *.Cu *.Mask))
    (pad 25 thru_hole oval (at 15.24 12.7 270) (size 1.6 1.6) (drill 0.8) (layers *.Cu *.Mask))
    (pad 9 thru_hole oval (at 0 20.32 270) (size 1.6 1.6) (drill 0.8) (layers *.Cu *.Mask)
      (net 8 /LED_B))
    (pad 24 thru_hole oval (at 15.24 15.24 270) (size 1.6 1.6) (drill 0.8) (layers *.Cu *.Mask))
    (pad 8 thru_hole oval (at 0 17.78 270) (size 1.6 1.6) (drill 0.8) (layers *.Cu *.Mask))
    (pad 23 thru_hole oval (at 15.24 17.78 270) (size 1.6 1.6) (drill 0.8) (layers *.Cu *.Mask))
    (pad 7 thru_hole oval (at 0 15.24 270) (size 1.6 1.6) (drill 0.8) (layers *.Cu *.Mask))
    (pad 22 thru_hole oval (at 15.24 20.32 270) (size 1.6 1.6) (drill 0.8) (layers *.Cu *.Mask))
    (pad 6 thru_hole oval (at 0 12.7 270) (size 1.6 1.6) (drill 0.8) (layers *.Cu *.Mask)
      (net 9 /Speaker_Pin))
    (pad 21 thru_hole oval (at 15.24 22.86 270) (size 1.6 1.6) (drill 0.8) (layers *.Cu *.Mask))
    (pad 5 thru_hole oval (at 0 10.16 270) (size 1.6 1.6) (drill 0.8) (layers *.Cu *.Mask)
      (net 10 /Speaker_Button))
    (pad 20 thru_hole oval (at 15.24 25.4 270) (size 1.6 1.6) (drill 0.8) (layers *.Cu *.Mask))
    (pad 4 thru_hole oval (at 0 7.62 270) (size 1.6 1.6) (drill 0.8) (layers *.Cu *.Mask))
    (pad 19 thru_hole oval (at 15.24 27.94 270) (size 1.6 1.6) (drill 0.8) (layers *.Cu *.Mask))
    (pad 3 thru_hole oval (at 0 5.08 270) (size 1.6 1.6) (drill 0.8) (layers *.Cu *.Mask))
    (pad 18 thru_hole oval (at 15.24 30.48 270) (size 1.6 1.6) (drill 0.8) (layers *.Cu *.Mask))
    (pad 2 thru_hole oval (at 0 2.54 270) (size 1.6 1.6) (drill 0.8) (layers *.Cu *.Mask))
    (pad 17 thru_hole oval (at 15.24 33.02 270) (size 1.6 1.6) (drill 0.8) (layers *.Cu *.Mask))
    (pad 1 thru_hole rect (at 0 0 270) (size 1.6 1.6) (drill 0.8) (layers *.Cu *.Mask))
    (model "${KISYS3DMOD}/Modules.3dshapes/User Library-arduino_nano.STEP"
      (offset (xyz 0 0 1.5))
      (scale (xyz 1 1 1))
      (rotate (xyz -90 0 90))
    )
  )

  (module LEDs:LED_D5.0mm-4 (layer B.Cu) (tedit 5AEB53DC) (tstamp 5AFDFC29)
    (at 27.432 34.036 90)
    (descr "LED, diameter 5.0mm, 2 pins, diameter 5.0mm, 3 pins, diameter 5.0mm, 4 pins, http://www.kingbright.com/attachments/file/psearch/000/00/00/L-154A4SUREQBFZGEW(Ver.9A).pdf")
    (tags "LED diameter 5.0mm 2 pins diameter 5.0mm 3 pins diameter 5.0mm 4 pins")
    (path /5AEB1FEA)
    (fp_text reference D1 (at 1.905 3.96 90) (layer B.Fab)
      (effects (font (size 1 1) (thickness 0.15)) (justify mirror))
    )
    (fp_text value LED_CRGB (at 1.905 -3.96 90) (layer B.Fab)
      (effects (font (size 1 1) (thickness 0.15)) (justify mirror))
    )
    (fp_line (start 5.15 3.25) (end -1.35 3.25) (layer B.CrtYd) (width 0.05))
    (fp_line (start 5.15 -3.25) (end 5.15 3.25) (layer B.CrtYd) (width 0.05))
    (fp_line (start -1.35 -3.25) (end 5.15 -3.25) (layer B.CrtYd) (width 0.05))
    (fp_line (start -1.35 3.25) (end -1.35 -3.25) (layer B.CrtYd) (width 0.05))
    (fp_line (start -0.655 -1.08) (end -0.655 -1.545) (layer B.SilkS) (width 0.12))
    (fp_line (start -0.655 1.545) (end -0.655 1.08) (layer B.SilkS) (width 0.12))
    (fp_line (start -0.595 1.469694) (end -0.595 -1.469694) (layer B.Fab) (width 0.1))
    (fp_circle (center 1.905 0) (end 4.405 0) (layer B.Fab) (width 0.1))
    (fp_arc (start 1.905 0) (end -0.349684 -1.08) (angle 128.8) (layer B.SilkS) (width 0.12))
    (fp_arc (start 1.905 0) (end -0.349684 1.08) (angle -128.8) (layer B.SilkS) (width 0.12))
    (fp_arc (start 1.905 0) (end -0.655 -1.54483) (angle 127.7) (layer B.SilkS) (width 0.12))
    (fp_arc (start 1.905 0) (end -0.655 1.54483) (angle -127.7) (layer B.SilkS) (width 0.12))
    (fp_arc (start 1.905 0) (end -0.595 1.469694) (angle -299.1) (layer B.Fab) (width 0.1))
    (pad 4 thru_hole oval (at 3.81 0 90) (size 1.07 1.8) (drill 0.9) (layers *.Cu *.Mask)
      (net 12 /G_OUT))
    (pad 3 thru_hole oval (at 2.54 0 90) (size 1.07 1.8) (drill 0.9) (layers *.Cu *.Mask)
      (net 13 /B_OUT))
    (pad 2 thru_hole rect (at 1.27 0 90) (size 1.07 1.8) (drill 0.9) (layers *.Cu *.Mask)
      (net 3 /GND))
    (pad 1 thru_hole oval (at 0 0 90) (size 1.07 1.8) (drill 0.9) (layers *.Cu *.Mask)
      (net 14 /R_OUT))
    (model ${KISYS3DMOD}/LEDs.3dshapes/LED_D5.0mm-4.wrl
      (at (xyz 0 0 0))
      (scale (xyz 0.393701 0.393701 0.393701))
      (rotate (xyz 0 0 0))
    )
  )

  (module LEDs:LED_D5.0mm-4 (layer B.Cu) (tedit 5AEC7F6A) (tstamp 5AEB277B)
    (at 102.616735 34.036 90)
    (descr "LED, diameter 5.0mm, 2 pins, diameter 5.0mm, 3 pins, diameter 5.0mm, 4 pins, http://www.kingbright.com/attachments/file/psearch/000/00/00/L-154A4SUREQBFZGEW(Ver.9A).pdf")
    (tags "LED diameter 5.0mm 2 pins diameter 5.0mm 3 pins diameter 5.0mm 4 pins")
    (path /5AB55912)
    (fp_text reference D2 (at 1.905 3.96 90) (layer B.Fab)
      (effects (font (size 1 1) (thickness 0.15)) (justify mirror))
    )
    (fp_text value LED_CRGB (at 1.905 -3.96 90) (layer B.Fab)
      (effects (font (size 1 1) (thickness 0.15)) (justify mirror))
    )
    (fp_arc (start 1.905 0) (end -0.595 1.469694) (angle -299.1) (layer B.Fab) (width 0.1))
    (fp_arc (start 1.905 0) (end -0.655 1.54483) (angle -127.7) (layer B.SilkS) (width 0.12))
    (fp_arc (start 1.905 0) (end -0.655 -1.54483) (angle 127.7) (layer B.SilkS) (width 0.12))
    (fp_arc (start 1.905 0) (end -0.349684 1.08) (angle -128.8) (layer B.SilkS) (width 0.12))
    (fp_arc (start 1.905 0) (end -0.349684 -1.08) (angle 128.8) (layer B.SilkS) (width 0.12))
    (fp_circle (center 1.905 0) (end 4.405 0) (layer B.Fab) (width 0.1))
    (fp_line (start -0.595 1.469694) (end -0.595 -1.469694) (layer B.Fab) (width 0.1))
    (fp_line (start -0.655 1.545) (end -0.655 1.08) (layer B.SilkS) (width 0.12))
    (fp_line (start -0.655 -1.08) (end -0.655 -1.545) (layer B.SilkS) (width 0.12))
    (fp_line (start -1.35 3.25) (end -1.35 -3.25) (layer B.CrtYd) (width 0.05))
    (fp_line (start -1.35 -3.25) (end 5.15 -3.25) (layer B.CrtYd) (width 0.05))
    (fp_line (start 5.15 -3.25) (end 5.15 3.25) (layer B.CrtYd) (width 0.05))
    (fp_line (start 5.15 3.25) (end -1.35 3.25) (layer B.CrtYd) (width 0.05))
    (pad 1 thru_hole oval (at 0 0 90) (size 1.07 1.8) (drill 0.9) (layers *.Cu *.Mask)
      (net 14 /R_OUT))
    (pad 2 thru_hole rect (at 1.27 0 90) (size 1.07 1.8) (drill 0.9) (layers *.Cu *.Mask)
      (net 3 /GND))
    (pad 3 thru_hole oval (at 2.54 0 90) (size 1.07 1.8) (drill 0.9) (layers *.Cu *.Mask)
      (net 13 /B_OUT))
    (pad 4 thru_hole oval (at 3.81 0 90) (size 1.07 1.8) (drill 0.9) (layers *.Cu *.Mask)
      (net 12 /G_OUT))
    (model ${KISYS3DMOD}/LEDs.3dshapes/LED_D5.0mm-4.wrl
      (at (xyz 0 0 0))
      (scale (xyz 0.393701 0.393701 0.393701))
      (rotate (xyz 0 0 0))
    )
  )

  (module LEDs:LED_D5.0mm-4 (layer B.Cu) (tedit 5AEC7F8A) (tstamp 5AEB2790)
    (at 159.893 34.036 90)
    (descr "LED, diameter 5.0mm, 2 pins, diameter 5.0mm, 3 pins, diameter 5.0mm, 4 pins, http://www.kingbright.com/attachments/file/psearch/000/00/00/L-154A4SUREQBFZGEW(Ver.9A).pdf")
    (tags "LED diameter 5.0mm 2 pins diameter 5.0mm 3 pins diameter 5.0mm 4 pins")
    (path /5AB55F0D)
    (fp_text reference D3 (at 1.905 3.96 90) (layer B.Fab)
      (effects (font (size 1 1) (thickness 0.15)) (justify mirror))
    )
    (fp_text value LED_CRGB (at 1.905 -3.96 90) (layer B.Fab)
      (effects (font (size 1 1) (thickness 0.15)) (justify mirror))
    )
    (fp_line (start 5.15 3.25) (end -1.35 3.25) (layer B.CrtYd) (width 0.05))
    (fp_line (start 5.15 -3.25) (end 5.15 3.25) (layer B.CrtYd) (width 0.05))
    (fp_line (start -1.35 -3.25) (end 5.15 -3.25) (layer B.CrtYd) (width 0.05))
    (fp_line (start -1.35 3.25) (end -1.35 -3.25) (layer B.CrtYd) (width 0.05))
    (fp_line (start -0.655 -1.08) (end -0.655 -1.545) (layer B.SilkS) (width 0.12))
    (fp_line (start -0.655 1.545) (end -0.655 1.08) (layer B.SilkS) (width 0.12))
    (fp_line (start -0.595 1.469694) (end -0.595 -1.469694) (layer B.Fab) (width 0.1))
    (fp_circle (center 1.905 0) (end 4.405 0) (layer B.Fab) (width 0.1))
    (fp_arc (start 1.905 0) (end -0.349684 -1.08) (angle 128.8) (layer B.SilkS) (width 0.12))
    (fp_arc (start 1.905 0) (end -0.349684 1.08) (angle -128.8) (layer B.SilkS) (width 0.12))
    (fp_arc (start 1.905 0) (end -0.655 -1.54483) (angle 127.7) (layer B.SilkS) (width 0.12))
    (fp_arc (start 1.905 0) (end -0.655 1.54483) (angle -127.7) (layer B.SilkS) (width 0.12))
    (fp_arc (start 1.905 0) (end -0.595 1.469694) (angle -299.1) (layer B.Fab) (width 0.1))
    (pad 4 thru_hole oval (at 3.81 0 90) (size 1.07 1.8) (drill 0.9) (layers *.Cu *.Mask)
      (net 12 /G_OUT))
    (pad 3 thru_hole oval (at 2.54 0 90) (size 1.07 1.8) (drill 0.9) (layers *.Cu *.Mask)
      (net 13 /B_OUT))
    (pad 2 thru_hole rect (at 1.27 0 90) (size 1.07 1.8) (drill 0.9) (layers *.Cu *.Mask)
      (net 3 /GND))
    (pad 1 thru_hole oval (at 0 0 90) (size 1.07 1.8) (drill 0.9) (layers *.Cu *.Mask)
      (net 14 /R_OUT))
    (model ${KISYS3DMOD}/LEDs.3dshapes/LED_D5.0mm-4.wrl
      (at (xyz 0 0 0))
      (scale (xyz 0.393701 0.393701 0.393701))
      (rotate (xyz 0 0 0))
    )
  )

  (module "Speaker:CVS-1508 Speaker" (layer F.Cu) (tedit 5AEB156F) (tstamp 5AEB2799)
    (at 191.643 10.668 270)
    (path /5AAE6D54)
    (fp_text reference LS1 (at 0 6.604 270) (layer F.Fab)
      (effects (font (size 1 1) (thickness 0.15)))
    )
    (fp_text value Speaker (at 0 4.826 270) (layer F.SilkS)
      (effects (font (size 1 1) (thickness 0.15)))
    )
    (fp_text user - (at 3.83 8.636 270) (layer F.SilkS)
      (effects (font (size 1 1) (thickness 0.15)))
    )
    (fp_text user + (at -3.75 8.636 270) (layer F.SilkS)
      (effects (font (size 1 1) (thickness 0.15)))
    )
    (fp_circle (center 0 6.69) (end 7.35 9.95) (layer F.SilkS) (width 0.15))
    (pad 2 thru_hole circle (at 3.81 6.78 270) (size 1.524 1.524) (drill 0.8) (layers *.Cu *.Mask)
      (net 3 /GND))
    (pad 1 thru_hole circle (at -3.79 6.78 270) (size 1.524 1.524) (drill 0.8) (layers *.Cu *.Mask)
      (net 9 /Speaker_Pin))
    (model /home/nullbort/KiCad/library/Speaker.pretty/CVS-1508.3dshapes/speaker.step
      (offset (xyz 0 -6.5 0))
      (scale (xyz 1 1 1))
      (rotate (xyz 0 0 0))
    )
  )

  (module Resistors_SMD:R_1206_HandSoldering (layer B.Cu) (tedit 5AEC80B0) (tstamp 5AEB28AA)
    (at 119.535 17.653 270)
    (descr "Resistor SMD 1206, hand soldering")
    (tags "resistor 1206")
    (path /5AEB1FE3)
    (attr smd)
    (fp_text reference R1 (at 0 1.85 270) (layer B.Fab)
      (effects (font (size 1 1) (thickness 0.15)) (justify mirror))
    )
    (fp_text value R (at 0 -1.9 270) (layer B.Fab)
      (effects (font (size 1 1) (thickness 0.15)) (justify mirror))
    )
    (fp_line (start 3.25 -1.1) (end -3.25 -1.1) (layer B.CrtYd) (width 0.05))
    (fp_line (start 3.25 -1.1) (end 3.25 1.11) (layer B.CrtYd) (width 0.05))
    (fp_line (start -3.25 1.11) (end -3.25 -1.1) (layer B.CrtYd) (width 0.05))
    (fp_line (start -3.25 1.11) (end 3.25 1.11) (layer B.CrtYd) (width 0.05))
    (fp_line (start -1 1.07) (end 1 1.07) (layer B.SilkS) (width 0.12))
    (fp_line (start 1 -1.07) (end -1 -1.07) (layer B.SilkS) (width 0.12))
    (fp_line (start -1.6 0.8) (end 1.6 0.8) (layer B.Fab) (width 0.1))
    (fp_line (start 1.6 0.8) (end 1.6 -0.8) (layer B.Fab) (width 0.1))
    (fp_line (start 1.6 -0.8) (end -1.6 -0.8) (layer B.Fab) (width 0.1))
    (fp_line (start -1.6 -0.8) (end -1.6 0.8) (layer B.Fab) (width 0.1))
    (fp_text user %R (at 0 0 270) (layer B.Fab)
      (effects (font (size 0.7 0.7) (thickness 0.105)) (justify mirror))
    )
    (pad 2 smd rect (at 2 0 270) (size 2 1.7) (layers B.Cu B.Paste B.Mask)
      (net 14 /R_OUT))
    (pad 1 smd rect (at -2 0 270) (size 2 1.7) (layers B.Cu B.Paste B.Mask)
      (net 15 "Net-(Q1-Pad3)"))
    (model ${KISYS3DMOD}/Resistors_SMD.3dshapes/R_1206.wrl
      (at (xyz 0 0 0))
      (scale (xyz 1 1 1))
      (rotate (xyz 0 0 0))
    )
  )

  (module Resistors_SMD:R_1206_HandSoldering (layer B.Cu) (tedit 5AEC80A4) (tstamp 5AEB28CC)
    (at 114.535 17.653 270)
    (descr "Resistor SMD 1206, hand soldering")
    (tags "resistor 1206")
    (path /5AEB1FF9)
    (attr smd)
    (fp_text reference R3 (at 0 1.85 270) (layer B.Fab)
      (effects (font (size 1 1) (thickness 0.15)) (justify mirror))
    )
    (fp_text value R (at 0 -1.9 270) (layer B.Fab)
      (effects (font (size 1 1) (thickness 0.15)) (justify mirror))
    )
    (fp_line (start 3.25 -1.1) (end -3.25 -1.1) (layer B.CrtYd) (width 0.05))
    (fp_line (start 3.25 -1.1) (end 3.25 1.11) (layer B.CrtYd) (width 0.05))
    (fp_line (start -3.25 1.11) (end -3.25 -1.1) (layer B.CrtYd) (width 0.05))
    (fp_line (start -3.25 1.11) (end 3.25 1.11) (layer B.CrtYd) (width 0.05))
    (fp_line (start -1 1.07) (end 1 1.07) (layer B.SilkS) (width 0.12))
    (fp_line (start 1 -1.07) (end -1 -1.07) (layer B.SilkS) (width 0.12))
    (fp_line (start -1.6 0.8) (end 1.6 0.8) (layer B.Fab) (width 0.1))
    (fp_line (start 1.6 0.8) (end 1.6 -0.8) (layer B.Fab) (width 0.1))
    (fp_line (start 1.6 -0.8) (end -1.6 -0.8) (layer B.Fab) (width 0.1))
    (fp_line (start -1.6 -0.8) (end -1.6 0.8) (layer B.Fab) (width 0.1))
    (fp_text user %R (at 0 0 270) (layer B.Fab)
      (effects (font (size 0.7 0.7) (thickness 0.105)) (justify mirror))
    )
    (pad 2 smd rect (at 2 0 270) (size 2 1.7) (layers B.Cu B.Paste B.Mask)
      (net 13 /B_OUT))
    (pad 1 smd rect (at -2 0 270) (size 2 1.7) (layers B.Cu B.Paste B.Mask)
      (net 19 "Net-(Q3-Pad3)"))
    (model ${KISYS3DMOD}/Resistors_SMD.3dshapes/R_1206.wrl
      (at (xyz 0 0 0))
      (scale (xyz 1 1 1))
      (rotate (xyz 0 0 0))
    )
  )

  (module Resistors_SMD:R_1206_HandSoldering (layer B.Cu) (tedit 5AEC8135) (tstamp 5AFDF9CB)
    (at 21.209 16.002 90)
    (descr "Resistor SMD 1206, hand soldering")
    (tags "resistor 1206")
    (path /5AF47648)
    (attr smd)
    (fp_text reference R4 (at 0 1.85 90) (layer B.Fab)
      (effects (font (size 1 1) (thickness 0.15)) (justify mirror))
    )
    (fp_text value R (at 0 -1.9 90) (layer B.Fab)
      (effects (font (size 1 1) (thickness 0.15)) (justify mirror))
    )
    (fp_line (start 3.25 -1.1) (end -3.25 -1.1) (layer B.CrtYd) (width 0.05))
    (fp_line (start 3.25 -1.1) (end 3.25 1.11) (layer B.CrtYd) (width 0.05))
    (fp_line (start -3.25 1.11) (end -3.25 -1.1) (layer B.CrtYd) (width 0.05))
    (fp_line (start -3.25 1.11) (end 3.25 1.11) (layer B.CrtYd) (width 0.05))
    (fp_line (start -1 1.07) (end 1 1.07) (layer B.SilkS) (width 0.12))
    (fp_line (start 1 -1.07) (end -1 -1.07) (layer B.SilkS) (width 0.12))
    (fp_line (start -1.6 0.8) (end 1.6 0.8) (layer B.Fab) (width 0.1))
    (fp_line (start 1.6 0.8) (end 1.6 -0.8) (layer B.Fab) (width 0.1))
    (fp_line (start 1.6 -0.8) (end -1.6 -0.8) (layer B.Fab) (width 0.1))
    (fp_line (start -1.6 -0.8) (end -1.6 0.8) (layer B.Fab) (width 0.1))
    (fp_text user %R (at 0 0 90) (layer B.Fab)
      (effects (font (size 0.7 0.7) (thickness 0.105)) (justify mirror))
    )
    (pad 2 smd rect (at 2 0 90) (size 2 1.7) (layers B.Cu B.Paste B.Mask)
      (net 16 "Net-(Q1-Pad2)"))
    (pad 1 smd rect (at -2 0 90) (size 2 1.7) (layers B.Cu B.Paste B.Mask)
      (net 4 /LED_R))
    (model ${KISYS3DMOD}/Resistors_SMD.3dshapes/R_1206.wrl
      (at (xyz 0 0 0))
      (scale (xyz 1 1 1))
      (rotate (xyz 0 0 0))
    )
  )

  (module Resistors_SMD:R_1206_HandSoldering (layer B.Cu) (tedit 5AEC812F) (tstamp 5AFDF99B)
    (at 26.162 16.002 90)
    (descr "Resistor SMD 1206, hand soldering")
    (tags "resistor 1206")
    (path /5AF476CD)
    (attr smd)
    (fp_text reference R5 (at 0 1.85 90) (layer B.Fab)
      (effects (font (size 1 1) (thickness 0.15)) (justify mirror))
    )
    (fp_text value R (at 0 -1.9 90) (layer B.Fab)
      (effects (font (size 1 1) (thickness 0.15)) (justify mirror))
    )
    (fp_text user %R (at 0 0 90) (layer B.Fab)
      (effects (font (size 0.7 0.7) (thickness 0.105)) (justify mirror))
    )
    (fp_line (start -1.6 -0.8) (end -1.6 0.8) (layer B.Fab) (width 0.1))
    (fp_line (start 1.6 -0.8) (end -1.6 -0.8) (layer B.Fab) (width 0.1))
    (fp_line (start 1.6 0.8) (end 1.6 -0.8) (layer B.Fab) (width 0.1))
    (fp_line (start -1.6 0.8) (end 1.6 0.8) (layer B.Fab) (width 0.1))
    (fp_line (start 1 -1.07) (end -1 -1.07) (layer B.SilkS) (width 0.12))
    (fp_line (start -1 1.07) (end 1 1.07) (layer B.SilkS) (width 0.12))
    (fp_line (start -3.25 1.11) (end 3.25 1.11) (layer B.CrtYd) (width 0.05))
    (fp_line (start -3.25 1.11) (end -3.25 -1.1) (layer B.CrtYd) (width 0.05))
    (fp_line (start 3.25 -1.1) (end 3.25 1.11) (layer B.CrtYd) (width 0.05))
    (fp_line (start 3.25 -1.1) (end -3.25 -1.1) (layer B.CrtYd) (width 0.05))
    (pad 1 smd rect (at -2 0 90) (size 2 1.7) (layers B.Cu B.Paste B.Mask)
      (net 6 /LED_G))
    (pad 2 smd rect (at 2 0 90) (size 2 1.7) (layers B.Cu B.Paste B.Mask)
      (net 17 "Net-(Q2-Pad2)"))
    (model ${KISYS3DMOD}/Resistors_SMD.3dshapes/R_1206.wrl
      (at (xyz 0 0 0))
      (scale (xyz 1 1 1))
      (rotate (xyz 0 0 0))
    )
  )

  (module Resistors_SMD:R_1206_HandSoldering (layer B.Cu) (tedit 5AEC80FF) (tstamp 5AFDF96B)
    (at 31.115 16.002 90)
    (descr "Resistor SMD 1206, hand soldering")
    (tags "resistor 1206")
    (path /5AF478E9)
    (attr smd)
    (fp_text reference R6 (at 0 1.85 90) (layer B.Fab)
      (effects (font (size 1 1) (thickness 0.15)) (justify mirror))
    )
    (fp_text value R (at 0 -1.9 90) (layer B.Fab)
      (effects (font (size 1 1) (thickness 0.15)) (justify mirror))
    )
    (fp_line (start 3.25 -1.1) (end -3.25 -1.1) (layer B.CrtYd) (width 0.05))
    (fp_line (start 3.25 -1.1) (end 3.25 1.11) (layer B.CrtYd) (width 0.05))
    (fp_line (start -3.25 1.11) (end -3.25 -1.1) (layer B.CrtYd) (width 0.05))
    (fp_line (start -3.25 1.11) (end 3.25 1.11) (layer B.CrtYd) (width 0.05))
    (fp_line (start -1 1.07) (end 1 1.07) (layer B.SilkS) (width 0.12))
    (fp_line (start 1 -1.07) (end -1 -1.07) (layer B.SilkS) (width 0.12))
    (fp_line (start -1.6 0.8) (end 1.6 0.8) (layer B.Fab) (width 0.1))
    (fp_line (start 1.6 0.8) (end 1.6 -0.8) (layer B.Fab) (width 0.1))
    (fp_line (start 1.6 -0.8) (end -1.6 -0.8) (layer B.Fab) (width 0.1))
    (fp_line (start -1.6 -0.8) (end -1.6 0.8) (layer B.Fab) (width 0.1))
    (fp_text user %R (at 0 0 90) (layer B.Fab)
      (effects (font (size 0.7 0.7) (thickness 0.105)) (justify mirror))
    )
    (pad 2 smd rect (at 2 0 90) (size 2 1.7) (layers B.Cu B.Paste B.Mask)
      (net 20 "Net-(Q3-Pad2)"))
    (pad 1 smd rect (at -2 0 90) (size 2 1.7) (layers B.Cu B.Paste B.Mask)
      (net 8 /LED_B))
    (model ${KISYS3DMOD}/Resistors_SMD.3dshapes/R_1206.wrl
      (at (xyz 0 0 0))
      (scale (xyz 1 1 1))
      (rotate (xyz 0 0 0))
    )
  )

  (module Buttons_Switches_THT:SW_PUSH_6mm (layer F.Cu) (tedit 5AEB18CF) (tstamp 5AEB2974)
    (at 185 34.168 90)
    (descr https://www.omron.com/ecb/products/pdf/en-b3f.pdf)
    (tags "tact sw push 6mm")
    (path /5AB585F3)
    (fp_text reference SW2 (at 3.25 -2 90) (layer F.Fab)
      (effects (font (size 1 1) (thickness 0.15)))
    )
    (fp_text value SW_SPST4 (at 3.75 6.7 90) (layer F.Fab)
      (effects (font (size 1 1) (thickness 0.15)))
    )
    (fp_circle (center 3.25 2.25) (end 1.25 2.5) (layer F.Fab) (width 0.1))
    (fp_line (start 6.75 3) (end 6.75 1.5) (layer F.SilkS) (width 0.12))
    (fp_line (start 5.5 -1) (end 1 -1) (layer F.SilkS) (width 0.12))
    (fp_line (start -0.25 1.5) (end -0.25 3) (layer F.SilkS) (width 0.12))
    (fp_line (start 1 5.5) (end 5.5 5.5) (layer F.SilkS) (width 0.12))
    (fp_line (start 8 -1.25) (end 8 5.75) (layer F.CrtYd) (width 0.05))
    (fp_line (start 7.75 6) (end -1.25 6) (layer F.CrtYd) (width 0.05))
    (fp_line (start -1.5 5.75) (end -1.5 -1.25) (layer F.CrtYd) (width 0.05))
    (fp_line (start -1.25 -1.5) (end 7.75 -1.5) (layer F.CrtYd) (width 0.05))
    (fp_line (start -1.5 6) (end -1.25 6) (layer F.CrtYd) (width 0.05))
    (fp_line (start -1.5 5.75) (end -1.5 6) (layer F.CrtYd) (width 0.05))
    (fp_line (start -1.5 -1.5) (end -1.25 -1.5) (layer F.CrtYd) (width 0.05))
    (fp_line (start -1.5 -1.25) (end -1.5 -1.5) (layer F.CrtYd) (width 0.05))
    (fp_line (start 8 -1.5) (end 8 -1.25) (layer F.CrtYd) (width 0.05))
    (fp_line (start 7.75 -1.5) (end 8 -1.5) (layer F.CrtYd) (width 0.05))
    (fp_line (start 8 6) (end 8 5.75) (layer F.CrtYd) (width 0.05))
    (fp_line (start 7.75 6) (end 8 6) (layer F.CrtYd) (width 0.05))
    (fp_line (start 0.25 -0.75) (end 3.25 -0.75) (layer F.Fab) (width 0.1))
    (fp_line (start 0.25 5.25) (end 0.25 -0.75) (layer F.Fab) (width 0.1))
    (fp_line (start 6.25 5.25) (end 0.25 5.25) (layer F.Fab) (width 0.1))
    (fp_line (start 6.25 -0.75) (end 6.25 5.25) (layer F.Fab) (width 0.1))
    (fp_line (start 3.25 -0.75) (end 6.25 -0.75) (layer F.Fab) (width 0.1))
    (fp_text user %R (at 3.25 2.25 90) (layer F.Fab)
      (effects (font (size 1 1) (thickness 0.15)))
    )
    (pad 3 thru_hole circle (at 6.5 0 180) (size 2 2) (drill 1.1) (layers *.Cu *.Mask))
    (pad 1 thru_hole circle (at 6.5 4.5 180) (size 2 2) (drill 1.1) (layers *.Cu *.Mask)
      (net 10 /Speaker_Button))
    (pad 4 thru_hole circle (at 0 0 180) (size 2 2) (drill 1.1) (layers *.Cu *.Mask)
      (net 3 /GND))
    (pad 2 thru_hole circle (at 0 4.5 180) (size 2 2) (drill 1.1) (layers *.Cu *.Mask))
    (model ${KISYS3DMOD}/Buttons_Switches_THT.3dshapes/SW_PUSH_6mm.wrl
      (offset (xyz 0.1269999980926514 0 0))
      (scale (xyz 0.3937 0.3937 0.3937))
      (rotate (xyz 0 0 0))
    )
  )

  (module Pin_Headers:Pin_Header_Angled_1x01_Pitch2.54mm (layer B.Cu) (tedit 5AEC8350) (tstamp 5AEB4335)
    (at 8.35 44 270)
    (descr "Through hole angled pin header, 1x01, 2.54mm pitch, 6mm pin length, single row")
    (tags "Through hole angled pin header THT 1x01 2.54mm single row")
    (path /5AB57F65)
    (fp_text reference MK1 (at 4.385 2.27 270) (layer B.Fab)
      (effects (font (size 1 1) (thickness 0.15)) (justify mirror))
    )
    (fp_text value Pin (at 4.385 -2.27 270) (layer B.Fab)
      (effects (font (size 1 1) (thickness 0.15)) (justify mirror))
    )
    (fp_line (start 2.135 1.27) (end 4.04 1.27) (layer B.Fab) (width 0.1))
    (fp_line (start 4.04 1.27) (end 4.04 -1.27) (layer B.Fab) (width 0.1))
    (fp_line (start 4.04 -1.27) (end 1.5 -1.27) (layer B.Fab) (width 0.1))
    (fp_line (start 1.5 -1.27) (end 1.5 0.635) (layer B.Fab) (width 0.1))
    (fp_line (start 1.5 0.635) (end 2.135 1.27) (layer B.Fab) (width 0.1))
    (fp_line (start -0.32 0.32) (end 1.5 0.32) (layer B.Fab) (width 0.1))
    (fp_line (start -0.32 0.32) (end -0.32 -0.32) (layer B.Fab) (width 0.1))
    (fp_line (start -0.32 -0.32) (end 1.5 -0.32) (layer B.Fab) (width 0.1))
    (fp_line (start 4.04 0.32) (end 10.04 0.32) (layer B.Fab) (width 0.1))
    (fp_line (start 10.04 0.32) (end 10.04 -0.32) (layer B.Fab) (width 0.1))
    (fp_line (start 4.04 -0.32) (end 10.04 -0.32) (layer B.Fab) (width 0.1))
